{
    "skeleton": [
        {
            "name": "root",
            "parent": "root",
            "initpos": [
                0.0,
                0.0,
                -0.0
            ],
            "initquaternion": [
                0.7071067690849304,
                0.0,
                0.0,
                0.7071067690849304
            ],
            "initscale": [
                1.0,
                1.0,
                1.0
            ],
            "offmtx": [
                [
                    1.0,
                    0.0,
                    0.0,
                    0.0
                ],
                [
                    0.0,
                    1.0,
                    0.0,
                    0.0
                ],
                [
                    0.0,
                    0.0,
                    1.0,
                    0.0
                ]
            ],
            "boundingbox": [
                [
                    0.0,
                    0.0,
                    0.0
                ],
                [
                    0.0,
                    0.0,
                    0.0
                ]
            ]
        },
        {
            "name": "Bone01",
            "parent": "root",
            "initpos": [
                -0.0000017198285604536068,
                10.991975784301758,
                -15.802848815917969
            ],
            "initquaternion": [
                -0.4999999403953552,
                0.5000000596046448,
                0.5,
                -0.5
            ],
            "initscale": [
                1.0,
                1.0,
                1.0
            ],
            "offmtx": [
                [
                    3.4090510325768266e-7,
                    0.0,
                    -1.0,
                    10.991975784301758
                ],
                [
                    1.1924880638503055e-8,
                    -1.0,
                    3.552713678800501e-15,
                    15.802848815917969
                ],
                [
                    -1.0,
                    -1.1924880638503055e-8,
                    -3.4090510325768266e-7,
                    0.0000039356677916657649
                ]
            ],
            "boundingbox": [
                [
                    -3.0723533630371095,
                    -5.435497283935547,
                    -5.033614158630371
                ],
                [
                    21.08901023864746,
                    4.631735801696777,
                    5.033620834350586
                ]
            ]
        },
        {
            "name": "Bone02",
            "parent": "Bone01",
            "initpos": [
                -0.7988262176513672,
                -1.3968191146850587,
                -2.6906185150146486
            ],
            "initquaternion": [
                -0.00012649527343455702,
                -0.00012626296665985137,
                0.7083422541618347,
                0.7058690786361694
            ],
            "initscale": [
                1.0000001192092896,
                1.0000001192092896,
                1.0
            ],
            "offmtx": [
                [
                    9.667162430559984e-7,
                    -0.9999937415122986,
                    0.003497755853459239,
                    17.15831756591797
                ],
                [
                    0.0003577723109629005,
                    0.003497755853459239,
                    0.9999936819076538,
                    -11.851849555969239
                ],
                [
                    -0.9999998807907105,
                    2.846903157660563e-7,
                    0.0003577735333237797,
                    2.6863949298858644
                ]
            ],
            "boundingbox": [
                [
                    -0.000606536865234375,
                    -2.5826148986816408,
                    -2.014702558517456
                ],
                [
                    9.077457427978516,
                    2.484103202819824,
                    2.0139951705932619
                ]
            ]
        },
        {
            "name": "Bone03",
            "parent": "Bone02",
            "initpos": [
                9.046748161315918,
                -9.5367431640625e-7,
                4.76837158203125e-7
            ],
            "initquaternion": [
                -7.248199263010236e-11,
                -2.9592285955004628e-8,
                -0.0024493469391018154,
                0.9999970197677612
            ],
            "initscale": [
                0.9999997615814209,
                0.9999997615814209,
                1.0
            ],
            "offmtx": [
                [
                    -8.450923019154288e-7,
                    -0.9999992251396179,
                    -0.0014009348815307022,
                    8.169532775878907
                ],
                [
                    0.00035777309676632285,
                    -0.0014009351143613458,
                    0.9999991655349731,
                    -11.811973571777344
                ],
                [
                    -1.0,
                    3.4387448977213355e-7,
                    0.0003577738825697452,
                    2.686394453048706
                ]
            ],
            "boundingbox": [
                [
                    0.0,
                    -1.5783014297485352,
                    -1.611656904220581
                ],
                [
                    5.31632661819458,
                    1.4503870010375977,
                    1.4095954895019532
                ]
            ]
        },
        {
            "name": "Bone04",
            "parent": "Bone03",
            "initpos": [
                5.213265419006348,
                0.00005245208740234375,
                -2.384185791015625e-7
            ],
            "initquaternion": [
                0.0,
                0.0,
                0.0044181072153151039,
                0.9999902248382568
            ],
            "initscale": [
                1.0000001192092896,
                1.0000001192092896,
                1.0
            ],
            "offmtx": [
                [
                    0.0000023162692741607317,
                    -0.9999724626541138,
                    0.007435239851474762,
                    2.8517794609069826
                ],
                [
                    0.0003577665484044701,
                    0.007435240317136049,
                    0.999972403049469,
                    -11.837684631347657
                ],
                [
                    -1.0,
                    3.4387497294119387e-7,
                    0.0003577738825697452,
                    2.686394691467285
                ]
            ],
            "boundingbox": [
                [
                    -0.08517646789550781,
                    -2.0841846466064455,
                    -2.1059131622314455
                ],
                [
                    2.942012071609497,
                    1.9447765350341797,
                    1.902242660522461
                ]
            ]
        },
        {
            "name": "Bone05",
            "parent": "Bone01",
            "initpos": [
                -0.7988243103027344,
                -1.3968191146850587,
                4.337257385253906
            ],
            "initquaternion": [
                0.7058692574501038,
                0.7083421945571899,
                0.00012026746844640002,
                0.00012041415175190195
            ],
            "initscale": [
                0.9999999403953552,
                0.9999999403953552,
                1.0
            ],
            "offmtx": [
                [
                    8.157205684256041e-7,
                    -0.9999939799308777,
                    0.0034975502640008928,
                    17.158329010009767
                ],
                [
                    -0.0003406062605790794,
                    -0.0034975502640008928,
                    -0.9999939203262329,
                    11.849408149719239
                ],
                [
                    1.0,
                    -3.7557202858806706e-7,
                    -0.00034060701727867126,
                    4.34127950668335
                ]
            ],
            "boundingbox": [
                [
                    -0.000606536865234375,
                    -2.484063148498535,
                    -2.031527519226074
                ],
                [
                    9.077458381652832,
                    2.582585334777832,
                    1.9970855712890626
                ]
            ]
        },
        {
            "name": "Bone06",
            "parent": "Bone05",
            "initpos": [
                9.04675006866455,
                -9.5367431640625e-7,
                -9.5367431640625e-7
            ],
            "initquaternion": [
                -0.0000023839613731979627,
                -5.838958649917458e-9,
                0.0024492598604410888,
                0.9999970197677612
            ],
            "initscale": [
                1.0000001192092896,
                0.9999999403953552,
                1.0
            ],
            "offmtx": [
                [
                    -8.357011438420159e-7,
                    -0.9999988675117493,
                    -0.0014009677106514574,
                    8.169523239135743
                ],
                [
                    -0.00034537375904619694,
                    0.0014009680598974228,
                    -0.9999989867210388,
                    11.809511184692383
                ],
                [
                    0.9999998807907105,
                    -3.518428854931699e-7,
                    -0.0003453745739534497,
                    4.341336250305176
                ]
            ],
            "boundingbox": [
                [
                    0.0,
                    -1.4502906799316407,
                    -1.6284971237182618
                ],
                [
                    5.316323280334473,
                    1.5783615112304688,
                    1.3927183151245118
                ]
            ]
        },
        {
            "name": "Bone07",
            "parent": "Bone06",
            "initpos": [
                5.213262557983398,
                -0.0000514984130859375,
                4.76837158203125e-7
            ],
            "initquaternion": [
                -5.962026250472263e-8,
                2.6341345771285776e-10,
                -0.0044181435368955139,
                0.9999902248382568
            ],
            "initscale": [
                0.9999998211860657,
                1.0,
                1.0
            ],
            "offmtx": [
                [
                    0.00000221612503992219,
                    -0.999972403049469,
                    0.007435277104377747,
                    2.851794958114624
                ],
                [
                    -0.00034548708936199546,
                    -0.007435277570039034,
                    -0.9999723434448242,
                    11.835223197937012
                ],
                [
                    0.9999999403953552,
                    -3.5272867648927788e-7,
                    -0.0003454939869698137,
                    4.341337203979492
                ]
            ],
            "boundingbox": [
                [
                    -0.08517718315124512,
                    -1.9446725845336915,
                    -2.122746467590332
                ],
                [
                    2.942012071609497,
                    2.0842390060424806,
                    1.885359764099121
                ]
            ]
        },
        {
            "name": "Bone08",
            "parent": "Bone01",
            "initpos": [
                20.08746337890625,
                -2.46756649017334,
                -5.568252086639404
            ],
            "initquaternion": [
                -0.1713338941335678,
                -0.014906292781233788,
                0.9813932776451111,
                -0.08537986129522324
            ],
            "initscale": [
                1.0,
                1.0,
                1.0
            ],
            "offmtx": [
                [
                    0.33883753418922427,
                    0.16247457265853883,
                    0.9267098903656006,
                    3.573671340942383
                ],
                [
                    8.828938007354736e-7,
                    0.9849761128425598,
                    -0.17269037663936616,
                    -19.56662940979004
                ],
                [
                    -0.9408448934555054,
                    0.0585147999227047,
                    0.3337467312812805,
                    7.205356121063232
                ]
            ],
            "boundingbox": [
                [
                    -0.008143901824951172,
                    -2.0569305419921877,
                    -0.7036786079406738
                ],
                [
                    8.059038162231446,
                    3.0960865020751955,
                    0.6075067520141602
                ]
            ]
        },
        {
            "name": "Bone09",
            "parent": "Bone08",
            "initpos": [
                7.63155460357666,
                0.9479961395263672,
                -0.10197782516479492
            ],
            "initquaternion": [
                0.04481048136949539,
                -0.0034867138601839544,
                -0.17021022737026215,
                0.9843822121620178
            ],
            "initscale": [
                1.0,
                0.9999998807907105,
                1.0000001192092896
            ],
            "offmtx": [
                [
                    0.32708925008773806,
                    -0.17781156301498414,
                    0.9281139969825745,
                    2.9969711303710939
                ],
                [
                    0.02932135947048664,
                    0.9835748672485352,
                    0.17810340225696565,
                    -19.94877052307129
                ],
                [
                    -0.9445383548736572,
                    -0.031042132526636125,
                    0.3269304037094116,
                    9.153042793273926
                ]
            ],
            "boundingbox": [
                [
                    0.0,
                    -1.5077800750732422,
                    -0.4826240539550781
                ],
                [
                    18.03203582763672,
                    1.6589012145996094,
                    0.8081274032592773
                ]
            ]
        },
        {
            "name": "Bone10",
            "parent": "Bone08",
            "initpos": [
                6.814846992492676,
                0.4389019012451172,
                -0.12498998641967774
            ],
            "initquaternion": [
                0.01404089666903019,
                -0.0025622767861932518,
                -0.25187474489212038,
                0.9676546454429627
            ],
            "initscale": [
                1.0000001192092896,
                0.9999999403953552,
                0.9999999403953552
            ],
            "offmtx": [
                [
                    0.29782959818840029,
                    -0.3384692072868347,
                    0.8926006555557251,
                    6.9078593254089359
                ],
                [
                    0.13836421072483064,
                    0.9404652118682861,
                    0.3104519248008728,
                    -18.83034896850586
                ],
                [
                    -0.9445384740829468,
                    0.03104221820831299,
                    0.3269304633140564,
                    7.8841552734375
                ]
            ],
            "boundingbox": [
                [
                    0.0,
                    -1.023733139038086,
                    -0.692255973815918
                ],
                [
                    13.071004867553711,
                    1.0050849914550782,
                    0.6857633590698242
                ]
            ]
        },
        {
            "name": "Bone11",
            "parent": "Bone08",
            "initpos": [
                4.2714948654174809,
                2.023740768432617,
                -0.04298114776611328
            ],
            "initquaternion": [
                0.04129089042544365,
                -0.017753995954990388,
                0.15639959275722505,
                0.986670732498169
            ],
            "initscale": [
                0.9999999403953552,
                1.000000238418579,
                0.9999998807907105
            ],
            "offmtx": [
                [
                    0.2769337594509125,
                    0.45977842807769778,
                    0.8437487483024597,
                    -6.94746208190918
                ],
                [
                    -0.176507368683815,
                    0.8874907493591309,
                    -0.42568153142929079,
                    -19.693767547607423
                ],
                [
                    -0.9445384740829468,
                    -0.031042270362377168,
                    0.3269304931163788,
                    9.113595008850098
                ]
            ],
            "boundingbox": [
                [
                    -0.04120922088623047,
                    -4.1292266845703129,
                    -0.7064447402954102
                ],
                [
                    10.560016632080079,
                    1.0577259063720704,
                    0.5673351287841797
                ]
            ]
        },
        {
            "name": "Bone12",
            "parent": "Bone08",
            "initpos": [
                5.490596771240234,
                0.09175872802734375,
                -0.18473339080810548
            ],
            "initquaternion": [
                0.04383665695786476,
                0.00992228277027607,
                -0.45373299717903139,
                0.890003502368927
            ],
            "initscale": [
                1.0,
                1.0000001192092896,
                0.9999998211860657
            ],
            "offmtx": [
                [
                    0.2532986104488373,
                    -0.7024742364883423,
                    0.6651087403297424,
                    14.308194160461426
                ],
                [
                    0.209014430642128,
                    0.7110317349433899,
                    0.6713765263557434,
                    -12.52830696105957
                ],
                [
                    -0.9445384740829468,
                    -0.031041450798511506,
                    0.3269307315349579,
                    9.11357593536377
                ]
            ],
            "boundingbox": [
                [
                    0.0,
                    -1.0410146713256837,
                    -0.33731651306152346
                ],
                [
                    7.040105819702148,
                    1.0098400115966797,
                    0.8156566619873047
                ]
            ]
        },
        {
            "name": "Bone13",
            "parent": "Bone08",
            "initpos": [
                7.181916236877441,
                1.773895263671875,
                -0.03979158401489258
            ],
            "initquaternion": [
                0.01314785610884428,
                -0.005553769413381815,
                -0.03544410318136215,
                0.9992697834968567
            ],
            "initscale": [
                0.9999999403953552,
                0.9999999403953552,
                0.9999999403953552
            ],
            "offmtx": [
                [
                    0.3283992111682892,
                    0.09273526072502136,
                    0.9399756193161011,
                    -2.010488986968994
                ],
                [
                    -0.0011390988947823644,
                    0.9952068328857422,
                    -0.09778624773025513,
                    -21.341365814208986
                ],
                [
                    -0.9445383548736572,
                    0.031042201444506646,
                    0.32693079113960268,
                    7.837960720062256
                ]
            ],
            "boundingbox": [
                [
                    -0.0015859603881835938,
                    -1.0609893798828126,
                    -0.6437296867370606
                ],
                [
                    18.021228790283204,
                    0.9994297027587891,
                    0.659111499786377
                ]
            ]
        },
        {
            "name": "Bone14",
            "parent": "Bone01",
            "initpos": [
                20.087465286254884,
                -2.467564582824707,
                5.524000644683838
            ],
            "initquaternion": [
                -0.08537999540567398,
                0.9813932776451111,
                -0.014906499534845353,
                -0.17133408784866334
            ],
            "initscale": [
                1.0,
                0.9999999403953552,
                0.9999999403953552
            ],
            "offmtx": [
                [
                    -0.33883729577064516,
                    0.16247472167015077,
                    0.926709771156311,
                    3.588657855987549
                ],
                [
                    0.0000012591477798196138,
                    -0.9849759936332703,
                    0.17269065976142884,
                    19.56662940979004
                ],
                [
                    0.940844714641571,
                    0.05851520597934723,
                    0.33374640345573428,
                    7.163722515106201
                ]
            ],
            "boundingbox": [
                [
                    0.0,
                    -3.096090316772461,
                    -0.74530029296875
                ],
                [
                    8.07402229309082,
                    2.056926727294922,
                    0.565885066986084
                ]
            ]
        },
        {
            "name": "Bone15",
            "parent": "Bone14",
            "initpos": [
                6.814846038818359,
                -0.43890380859375,
                -0.12498903274536133
            ],
            "initquaternion": [
                -0.014040904119610787,
                -0.002562271896749735,
                0.2518746256828308,
                0.9676546454429627
            ],
            "initscale": [
                1.0000001192092896,
                1.000000238418579,
                0.9999999403953552
            ],
            "offmtx": [
                [
                    -0.29782921075820925,
                    -0.3384689390659332,
                    0.8926008939743042,
                    6.921032428741455
                ],
                [
                    0.13836435973644257,
                    -0.9404650330543518,
                    -0.3104514479637146,
                    18.82422637939453
                ],
                [
                    0.9445384740829468,
                    0.031042635440826417,
                    0.32693010568618777,
                    7.842357635498047
                ]
            ],
            "boundingbox": [
                [
                    0.0,
                    -1.0112018585205079,
                    -0.7340545654296875
                ],
                [
                    13.084177017211914,
                    1.0176105499267579,
                    0.6439752578735352
                ]
            ]
        },
        {
            "name": "Bone16",
            "parent": "Bone14",
            "initpos": [
                4.2714948654174809,
                -2.0237388610839845,
                -0.04298114776611328
            ],
            "initquaternion": [
                -0.04129113256931305,
                -0.017753975465893747,
                -0.15639963746070863,
                0.9866706728935242
            ],
            "initscale": [
                0.9999999403953552,
                1.0000001192092896,
                0.9999999403953552
            ],
            "offmtx": [
                [
                    -0.2769336998462677,
                    0.45977845788002016,
                    0.8437485098838806,
                    -6.935213088989258
                ],
                [
                    -0.17650742828845979,
                    -0.8874908089637756,
                    0.4256817698478699,
                    19.701574325561525
                ],
                [
                    0.9445383548736572,
                    -0.031042255461215974,
                    0.326930433511734,
                    9.071805953979493
                ]
            ],
            "boundingbox": [
                [
                    -0.028961181640625,
                    -1.0499248504638672,
                    -0.7482337951660156
                ],
                [
                    10.572263717651368,
                    4.137033462524414,
                    0.525547981262207
                ]
            ]
        },
        {
            "name": "Bone17",
            "parent": "Bone14",
            "initpos": [
                5.490597248077393,
                -0.09175872802734375,
                -0.18473100662231446
            ],
            "initquaternion": [
                -0.043836869299411777,
                0.009922181256115437,
                0.45373299717903139,
                0.890003502368927
            ],
            "initscale": [
                1.0,
                1.000000238418579,
                1.0000001192092896
            ],
            "offmtx": [
                [
                    -0.25329825282096865,
                    -0.7024741172790527,
                    0.6651090383529663,
                    14.319400787353516
                ],
                [
                    0.20901407301425935,
                    -0.7110317349433899,
                    -0.6713765263557434,
                    12.519060134887696
                ],
                [
                    0.9445383548736572,
                    -0.03104133903980255,
                    0.32693010568618777,
                    9.071779251098633
                ]
            ],
            "boundingbox": [
                [
                    0.0,
                    -1.0190820693969727,
                    -0.3791074752807617
                ],
                [
                    7.051309108734131,
                    1.0317726135253907,
                    0.7738618850708008
                ]
            ]
        },
        {
            "name": "Bone18",
            "parent": "Bone14",
            "initpos": [
                7.181917190551758,
                -1.7738933563232422,
                -0.03978919982910156
            ],
            "initquaternion": [
                -0.013148099184036255,
                -0.005553793162107468,
                0.035443998873233798,
                0.9992697834968567
            ],
            "initscale": [
                0.9999999403953552,
                0.9999999403953552,
                0.9999999403953552
            ],
            "offmtx": [
                [
                    -0.32839906215667727,
                    0.09273562580347061,
                    0.9399756789207459,
                    -1.9959697723388672
                ],
                [
                    -0.001139247789978981,
                    -0.9952068328857422,
                    0.0977865681052208,
                    21.341415405273439
                ],
                [
                    0.9445383548736572,
                    0.031042147427797319,
                    0.32693058252334597,
                    7.796173095703125
                ]
            ],
            "boundingbox": [
                [
                    0.0,
                    -0.9993801116943359,
                    -0.6855258941650391
                ],
                [
                    18.035751342773439,
                    1.061044692993164,
                    0.6173233985900879
                ]
            ]
        },
        {
            "name": "Bone19",
            "parent": "Bone14",
            "initpos": [
                7.631556034088135,
                -0.947998046875,
                -0.1019749641418457
            ],
            "initquaternion": [
                -0.04481048509478569,
                -0.0034867103677242996,
                0.17021015286445619,
                0.9843822121620178
            ],
            "initscale": [
                1.0,
                0.9999999403953552,
                1.0000001192092896
            ],
            "offmtx": [
                [
                    -0.32708901166915896,
                    -0.1778113692998886,
                    0.9281142950057983,
                    3.0114386081695558
                ],
                [
                    0.029321657493710519,
                    -0.9835748076438904,
                    -0.17810304462909699,
                    19.94747543334961
                ],
                [
                    0.9445382356643677,
                    -0.031041685491800309,
                    0.32693013548851015,
                    9.111242294311524
                ]
            ],
            "boundingbox": [
                [
                    0.0,
                    -1.6601943969726563,
                    -0.5244235992431641
                ],
                [
                    18.0465087890625,
                    1.5064830780029297,
                    0.7663373947143555
                ]
            ]
        },
        {
            "name": "Bone20",
            "parent": "Bone01",
            "initpos": [
                19.078983306884767,
                -0.39931201934814455,
                -3.507779121398926
            ],
            "initquaternion": [
                -4.1874237410866047e-8,
                -8.19534378138087e-8,
                0.7037014961242676,
                0.7104957699775696
            ],
            "initscale": [
                1.0,
                1.0,
                1.0
            ],
            "offmtx": [
                [
                    -4.866560843197476e-8,
                    -0.9999538660049439,
                    -0.0096083153039217,
                    16.123708724975587
                ],
                [
                    4.943265707879618e-7,
                    -0.0096083153039217,
                    0.9999538660049439,
                    8.242310523986817
                ],
                [
                    -1.0,
                    4.3913718883459299e-8,
                    4.947713705405477e-7,
                    3.5077762603759767
                ]
            ],
            "boundingbox": [
                [
                    -0.020990371704101564,
                    -2.1098175048828127,
                    -1.6257128715515137
                ],
                [
                    8.07111644744873,
                    1.9942760467529297,
                    1.3944599628448487
                ]
            ]
        },
        {
            "name": "Bone21",
            "parent": "Bone20",
            "initpos": [
                8.041178703308106,
                -0.00003910064697265625,
                9.5367431640625e-7
            ],
            "initquaternion": [
                2.3857410269556569e-7,
                -3.3750584549352428e-8,
                0.004536115564405918,
                0.9999897480010986
            ],
            "initscale": [
                0.9999999403953552,
                0.9999999403953552,
                1.0
            ],
            "offmtx": [
                [
                    -1.138439031933558e-7,
                    -0.9999999403953552,
                    -0.0005362005904316902,
                    8.156975746154786
                ],
                [
                    1.7879612457250006e-8,
                    -0.0005362005904316902,
                    0.9999999403953552,
                    8.168686866760254
                ],
                [
                    -1.0,
                    1.1383430376099568e-7,
                    1.7940651630965477e-8,
                    3.5077712535858156
                ]
            ],
            "boundingbox": [
                [
                    0.0,
                    -1.5300254821777344,
                    -1.6257121562957764
                ],
                [
                    5.3233184814453129,
                    1.4929919242858887,
                    1.3944568634033204
                ]
            ]
        },
        {
            "name": "Bone22",
            "parent": "Bone21",
            "initpos": [
                5.173761367797852,
                -0.0000057220458984375,
                -4.76837158203125e-7
            ],
            "initquaternion": [
                0.000006916248366906075,
                0.0000011797920933531714,
                -0.0017788027180358768,
                0.9999983906745911
            ],
            "initscale": [
                1.0000003576278687,
                1.0000003576278687,
                1.0
            ],
            "offmtx": [
                [
                    0.0000022702781734551538,
                    -0.999991238117218,
                    -0.004093795083463192,
                    2.954125165939331
                ],
                [
                    -0.000013810768905386795,
                    -0.004093795083463192,
                    0.999991238117218,
                    8.179299354553223
                ],
                [
                    -1.0,
                    -0.0000022137214727990797,
                    -0.000013819950254401192,
                    3.5076651573181154
                ]
            ],
            "boundingbox": [
                [
                    -0.03263521194458008,
                    -2.021023750305176,
                    -2.1198201179504396
                ],
                [
                    2.9862914085388185,
                    2.000391960144043,
                    1.8869622945785523
                ]
            ]
        },
        {
            "name": "Bone23",
            "parent": "Bone01",
            "initpos": [
                19.07898712158203,
                -0.3993196487426758,
                3.50799560546875
            ],
            "initquaternion": [
                0.7104953527450562,
                0.703701913356781,
                0.0000018676030322239968,
                0.00000194774906958628
            ],
            "initscale": [
                1.0,
                1.0,
                1.0
            ],
            "offmtx": [
                [
                    9.627872543660487e-8,
                    -0.9999538660049439,
                    -0.009607210755348206,
                    16.12372398376465
                ],
                [
                    -0.000005564692855841713,
                    0.009607210755348206,
                    -0.9999538660049439,
                    -8.242313385009766
                ],
                [
                    1.0,
                    1.497354560342501e-7,
                    -0.000005563510967476759,
                    3.5079543590545656
                ]
            ],
            "boundingbox": [
                [
                    -0.0209808349609375,
                    -1.994272232055664,
                    -1.6254918575286866
                ],
                [
                    8.071120262145996,
                    2.1098270416259767,
                    1.3947021961212159
                ]
            ]
        },
        {
            "name": "Bone24",
            "parent": "Bone23",
            "initpos": [
                8.041155815124512,
                0.000041961669921875,
                0.0000016689300537109376
            ],
            "initquaternion": [
                -0.00005233302363194525,
                2.373016769752212e-7,
                -0.004534407518804073,
                0.9999896883964539
            ],
            "initscale": [
                1.0000001192092896,
                0.9999998807907105,
                1.0
            ],
            "offmtx": [
                [
                    1.4673936732378935e-7,
                    -0.9999997615814209,
                    -0.0005385139374993742,
                    8.156983375549317
                ],
                [
                    -0.00011023082333849743,
                    0.000538514053914696,
                    -1.0,
                    -8.169086456298829
                ],
                [
                    1.0,
                    2.0610019646483125e-7,
                    -0.00011023072147509083,
                    3.5070977210998537
                ]
            ],
            "boundingbox": [
                [
                    0.0,
                    -1.4931492805480958,
                    -1.625648021697998
                ],
                [
                    5.3233489990234379,
                    1.53021240234375,
                    1.3948557376861573
                ]
            ]
        },
        {
            "name": "Bone25",
            "parent": "Bone24",
            "initpos": [
                5.1737847328186039,
                0.00000286102294921875,
                -9.5367431640625e-7
            ],
            "initquaternion": [
                0.00005626499478239566,
                0.0000010535936780797784,
                0.0017758362228050829,
                0.9999983906745911
            ],
            "initscale": [
                1.0,
                1.000000238418579,
                1.0
            ],
            "offmtx": [
                [
                    -0.0000021521129838220078,
                    -0.9999915361404419,
                    -0.004090175032615662,
                    2.954158306121826
                ],
                [
                    0.000002302277152921306,
                    0.004090175032615662,
                    -0.9999915361404419,
                    -8.179237365722657
                ],
                [
                    1.0,
                    -0.000002161511702070129,
                    0.000002293455736435135,
                    3.5080249309539797
                ]
            ],
            "boundingbox": [
                [
                    -0.032625436782836917,
                    -2.000361919403076,
                    -2.1195666790008547
                ],
                [
                    2.9862866401672365,
                    2.020998001098633,
                    1.8871697187423707
                ]
            ]
        },
        {
            "name": "Bone26",
            "parent": "Bone01",
            "initpos": [
                17.4606990814209,
                -1.651524543762207,
                -0.00000762939453125
            ],
            "initquaternion": [
                -4.7243000267371828e-7,
                2.2291563084309019e-7,
