{
    "skeleton": [
        {
            "name": "root",
            "parent": "root",
            "initpos": [
                0.0,
                0.0,
                -0.0
            ],
            "initquaternion": [
                0.7071067690849304,
                0.0,
                0.0,
                0.7071067690849304
            ],
            "initscale": [
                0.7999999523162842,
                0.7999999523162842,
                0.7999999523162842
            ],
            "offmtx": [
                [
                    1.0,
                    0.0,
                    0.0,
                    0.0
                ],
                [
                    0.0,
                    1.0,
                    0.0,
                    0.0
                ],
                [
                    0.0,
                    0.0,
                    1.0,
                    0.0
                ]
            ],
            "boundingbox": [
                [
                    0.0,
                    0.0,
                    0.0
                ],
                [
                    0.0,
                    0.0,
                    0.0
                ]
            ]
        },
        {
            "name": "Bone08",
            "parent": "root",
            "initpos": [
                2.3990907038751177e-7,
                5.488479137420654,
                -23.316606521606447
            ],
            "initquaternion": [
                -0.36445972323417666,
                0.6059449315071106,
                -0.36445972323417666,
                0.6059447526931763
            ],
            "initscale": [
                1.0,
                1.0,
                1.0
            ],
            "offmtx": [
                [
                    -1.439192232055575e-7,
                    0.4686765670776367,
                    -0.8833698630332947,
                    -6.079590320587158
                ],
                [
                    -8.65635954028221e-8,
                    0.8833698630332947,
                    0.4686765670776367,
                    -23.16950798034668
                ],
                [
                    1.0,
                    1.4391923741641222e-7,
                    -8.656358829739475e-8,
                    -0.0000031205147479340669
                ]
            ],
            "boundingbox": [
                [
                    -7.309645652770996,
                    -9.587030410766602,
                    -5.000001907348633
                ],
                [
                    18.76897430419922,
                    7.48560905456543,
                    5.000002384185791
                ]
            ]
        },
        {
            "name": "Bone10",
            "parent": "Bone08",
            "initpos": [
                14.295210838317871,
                -0.000003814697265625,
                0.000001627859774089302
            ],
            "initquaternion": [
                0.0,
                0.0,
                0.5176935791969299,
                0.855566143989563
            ],
            "initscale": [
                0.9999999403953552,
                0.9999999403953552,
                1.0
            ],
            "offmtx": [
                [
                    -1.434582799220152e-7,
                    0.999985933303833,
                    0.0053015053272247318,
                    -29.97816276550293
                ],
                [
                    8.732832412761127e-8,
                    -0.0053015053272247318,
                    0.999985933303833,
                    7.298514366149902
                ],
                [
                    1.0,
                    1.439192232055575e-7,
                    -8.65665441551755e-8,
                    -0.000004748396349896211
                ]
            ],
            "boundingbox": [
                [
                    -0.05279350280761719,
                    -3.0450572967529299,
                    -2.0
                ],
                [
                    14.978803634643555,
                    3.0343804359436037,
                    2.00000262260437
                ]
            ]
        },
        {
            "name": "Bone23",
            "parent": "Bone10",
            "initpos": [
                17.093002319335939,
                -0.000007152557373046875,
                -0.0
            ],
            "initquaternion": [
                -3.4016970573702568e-8,
                4.894447158676485e-8,
                -0.8211517333984375,
                0.5707099437713623
            ],
            "initscale": [
                1.0,
                1.0,
                1.0
            ],
            "offmtx": [
                [
                    -3.184149122148483e-8,
                    -0.3436063528060913,
                    -0.9391138553619385,
                    9.567328453063965
                ],
                [
                    -2.841096318206837e-7,
                    0.9391138553619385,
                    -0.3436063528060913,
                    -46.66293716430664
                ],
                [
                    1.0,
                    2.5587033292140406e-7,
                    -1.2752465750054399e-7,
                    -0.000010311032383469865
                ]
            ],
            "boundingbox": [
                [
                    -3.038455009460449,
                    -3.002185821533203,
                    -2.9999983310699465
                ],
                [
                    8.968282699584961,
                    3.0163841247558595,
                    3.0000038146972658
                ]
            ]
        },
        {
            "name": "Bone24",
            "parent": "Bone23",
            "initpos": [
                -1.992767333984375,
                0.5451698303222656,
                -1.253402829170227
            ],
            "initquaternion": [
                -0.14550524950027467,
                -0.08498021960258484,
                0.9710844159126282,
                0.1691204458475113
            ],
            "initscale": [
                0.9999998807907105,
                1.0,
                1.0000001192092896
            ],
            "offmtx": [
                [
                    -0.25385215878486636,
                    0.6410877704620361,
                    0.7242693901062012,
                    -27.400972366333009
                ],
                [
                    -0.21426154673099519,
                    -0.7674657702445984,
                    0.6042255759239197,
                    40.04610824584961
                ],
                [
                    0.943213164806366,
                    -0.0017991219647228718,
                    0.3321831524372101,
                    3.0512197017669679
                ]
            ],
            "boundingbox": [
                [
                    -0.03362846374511719,
                    -1.0029029846191407,
                    -1.003065824508667
                ],
                [
                    9.974119186401368,
                    1.0211296081542969,
                    1.0155763626098633
                ]
            ]
        },
        {
            "name": "Bone26",
            "parent": "Bone23",
            "initpos": [
                -1.9315319061279297,
                0.8745803833007813,
                0.0000038146963561302984
            ],
            "initquaternion": [
                1.3827617806327908e-7,
                -9.66102362554011e-8,
                0.940155029296875,
                0.34074708819389346
            ],
            "initscale": [
                0.9999998807907105,
                0.9999998807907105,
                1.0
            ],
            "offmtx": [
                [
                    1.6825691773192376e-7,
                    0.865514874458313,
                    0.5008836388587952,
                    -39.28640365600586
                ],
                [
                    1.5111304207948707e-7,
                    -0.5008836388587952,
                    0.865514874458313,
                    29.131065368652345
                ],
                [
                    1.0,
                    -6.993879253514024e-8,
                    -2.1506764369405574e-7,
                    0.0000012221204315210344
                ]
            ],
            "boundingbox": [
                [
                    0.0,
                    -1.0048751831054688,
                    -1.000002384185791
                ],
                [
                    7.003654479980469,
                    1.0022697448730469,
                    0.9999992251396179
                ]
            ]
        },
        {
            "name": "Bone29",
            "parent": "Bone23",
            "initpos": [
                -2.2512264251708986,
                -1.7446212768554688,
                1.5117799043655396
            ],
            "initquaternion": [
                -0.2958828806877136,
                0.9340985417366028,
                -0.00933063868433237,
                -0.1995648890733719
            ],
            "initscale": [
                1.0000001192092896,
                1.0000001192092896,
                1.0000001192092896
            ],
            "offmtx": [
                [
                    0.378348171710968,
                    -0.2595398426055908,
                    0.8885332345962524,
                    15.2822847366333
                ],
                [
                    0.10066390037536621,
                    0.9657317399978638,
                    0.23922553658485413,
                    -43.77470397949219
                ],
                [
                    -0.9201734066009522,
                    -0.0010673177894204856,
                    0.39150917530059817,
                    3.1377456188201906
                ]
            ],
            "boundingbox": [
                [
                    -0.0014829635620117188,
                    -1.0028152465820313,
                    -1.0109832286834717
                ],
                [
                    9.000896453857422,
                    1.00634765625,
                    0.995485782623291
                ]
            ]
        },
        {
            "name": "Bone03",
            "parent": "Bone23",
            "initpos": [
                -2.3600282669067385,
                -0.6965255737304688,
                1.5435981750488282
            ],
            "initquaternion": [
                -0.04277333989739418,
                0.9668439030647278,
                -0.07676587253808975,
                -0.23977136611938477
            ],
            "initscale": [
                0.9999997615814209,
                0.9999999403953552,
                1.0
            ],
            "offmtx": [
                [
                    0.47021013498306277,
                    0.2597378194332123,
                    0.8434685468673706,
                    -9.128358840942383
                ],
                [
                    -0.1279296875,
                    0.9656779170036316,
                    -0.22605378925800324,
                    -46.48457717895508
                ],
                [
                    -0.8732333183288574,
                    -0.0016118960920721293,
                    0.48729950189590456,
                    3.662374496459961
                ]
            ],
            "boundingbox": [
                [
                    -0.012280464172363282,
                    -1.0089645385742188,
                    -1.0665230751037598
                ],
                [
                    12.000688552856446,
                    1.0028266906738282,
                    1.0012750625610352
                ]
            ]
        },
        {
            "name": "Bone09",
            "parent": "Bone23",
            "initpos": [
                -2.2512264251708986,
                -1.7446250915527344,
                -1.5227203369140626
            ],
            "initquaternion": [
                -0.19956491887569428,
                -0.009330790489912033,
                0.9340985417366028,
                -0.2958829700946808
            ],
            "initscale": [
                0.9999998807907105,
                0.9999998211860657,
                0.9999999403953552
            ],
            "offmtx": [
                [
                    -0.37834808230400088,
                    -0.2595402002334595,
                    0.8885335326194763,
                    15.278159141540528
                ],
                [
                    0.1006641760468483,
                    -0.9657318592071533,
                    -0.23922580480575562,
                    43.77580261230469
                ],
                [
                    0.9201737642288208,
                    -0.0010671172058209777,
                    0.39150911569595339,
                    3.1478066444396974
                ]
            ],
            "boundingbox": [
                [
                    -0.005627632141113281,
                    -1.0052566528320313,
                    -1.0009150505065919
                ],
                [
                    8.996757507324219,
                    1.00390625,
                    1.0055558681488038
                ]
            ]
        },
        {
            "name": "Bone11",
            "parent": "Bone23",
            "initpos": [
                -2.3600282669067385,
                -0.6965255737304688,
                -1.5545387268066407
            ],
            "initquaternion": [
                -0.23977147042751313,
                -0.07676585763692856,
                0.9668439030647278,
                -0.04277333989739418
            ],
            "initscale": [
                0.9999998807907105,
                0.9999998807907105,
                1.0000001192092896
            ],
            "offmtx": [
                [
                    -0.47021013498306277,
                    0.2597375512123108,
                    0.843468427658081,
                    -9.13349437713623
                ],
                [
                    -0.12792927026748658,
                    -0.9656780362129211,
                    0.22605375945568086,
                    46.48318862915039
                ],
                [
                    0.8732333183288574,
                    -0.0016115460311993957,
                    0.48729947209358218,
                    3.6719155311584474
                ]
            ],
            "boundingbox": [
                [
                    -0.01742839813232422,
                    -1.0042190551757813,
                    -1.05696439743042
                ],
                [
                    11.995537757873536,
                    1.0075645446777344,
                    1.0108323097229005
                ]
            ]
        },
        {
            "name": "Bone22",
            "parent": "Bone23",
            "initpos": [
                -1.9927654266357422,
                0.545166015625,
                1.242462396621704
            ],
            "initquaternion": [
                0.16912049055099488,
                0.9710844159126282,
                -0.08497986197471619,
                -0.1455053836107254
            ],
            "initscale": [
                0.9999998211860657,
                1.0,
                0.9999998807907105
            ],
            "offmtx": [
                [
                    0.25385239720344546,
                    0.6410875916481018,
                    0.7242692708969116,
                    -27.39818572998047
                ],
                [
                    -0.21426165103912354,
                    0.7674658298492432,
                    -0.6042255163192749,
                    -40.04844284057617
                ],
                [
                    -0.943213164806366,
                    -0.0017990476917475463,
                    0.33218342065811159,
                    3.040893793106079
                ]
            ],
            "boundingbox": [
                [
                    -0.030849456787109376,
                    -1.0234603881835938,
                    -1.0133874416351319
                ],
                [
                    9.97689437866211,
                    1.0005722045898438,
                    1.0052528381347657
                ]
            ]
        },
        {
            "name": "Bone30",
            "parent": "Bone23",
            "initpos": [
                3.978013038635254,
                -1.9728813171386719,
                -0.0
            ],
            "initquaternion": [
                0.0,
                0.0,
                -0.001265750383026898,
                0.9999991655349731
            ],
            "initscale": [
                1.0,
                1.0,
                1.0
            ],
            "offmtx": [
                [
                    -3.112217683565177e-8,
                    -0.34598270058631899,
                    -0.9382410645484924,
                    5.702434062957764
                ],
                [
                    -2.84189354715636e-7,
                    0.9382410645484924,
                    -0.34598270058631899,
                    -44.67577362060547
                ],
                [
                    1.0,
                    2.558703044996946e-7,
                    -1.2752465750054399e-7,
                    -0.000010311031473975163
                ]
            ],
            "boundingbox": [
                [
                    -0.012203693389892578,
                    -1.0191879272460938,
                    -2.999998092651367
                ],
                [
                    4.996192455291748,
                    1.0018959045410157,
                    3.00000262260437
                ]
            ]
        },
        {
            "name": "Bone21",
            "parent": "Bone08",
            "initpos": [
                3.151599884033203,
                -4.117744445800781,
                -2.9799985885620119
            ],
            "initquaternion": [
                -0.34655043482780459,
                0.9378252029418945,
                0.006207515485584736,
                0.0186607725918293
            ],
            "initscale": [
                0.9999997019767761,
                0.9999997019767761,
                1.0
            ],
            "offmtx": [
                [
                    7.626621112422072e-8,
                    -0.9505306482315064,
                    0.31063175201416018,
                    19.86901092529297
                ],
                [
                    -4.3926175408159909e-7,
                    0.31063175201416018,
                    0.9505306482315064,
                    -7.308029651641846
                ],
                [
                    -1.0,
                    -2.0894191266052076e-7,
                    -3.9384084971061386e-7,
                    -2.979994773864746
                ]
            ],
            "boundingbox": [
                [
                    -0.34107017517089846,
                    -3.0902953147888185,
                    -1.9800012111663819
                ],
                [
                    12.293052673339844,
                    4.308421611785889,
                    2.0200018882751467
                ]
            ]
        },
        {
            "name": "Bone18",
            "parent": "Bone21",
            "initpos": [
                10.538154602050782,
                -9.5367431640625e-7,
                9.5367431640625e-7
            ],
            "initquaternion": [
                -0.000841859495267272,
                -0.00008768069528741762,
                -0.3192425072193146,
                0.9476726651191711
            ],
            "initscale": [
                1.0000001192092896,
                1.0000001192092896,
                1.0
            ],
            "offmtx": [
                [
                    0.00007564804400317371,
                    -0.9626510739326477,
                    -0.27074554562568667,
                    11.819531440734864
                ],
                [
                    0.00208250037394464,
                    -0.27074486017227175,
                    0.9626491665840149,
                    -0.8747142553329468
                ],
                [
                    -0.9999979734420776,
                    -0.0006366501329466701,
                    0.0019842395558953287,
                    -2.980933666229248
                ]
            ],
            "boundingbox": [
                [
                    0.0,
                    -1.5734449625015259,
                    -0.9832589626312256
                ],
                [
                    11.149993896484375,
                    1.5665284395217896,
                    1.0240964889526368
                ]
            ]
        },
        {
            "name": "Bone15",
            "parent": "Bone18",
            "initpos": [
                10.651765823364258,
                -0.4898146390914917,
                1.0740761756896973
            ],
            "initquaternion": [
                -0.10869627445936203,
                -0.14400269091129304,
                -0.5939804315567017,
                0.7839870452880859
            ],
            "initscale": [
                1.0,
                0.9999998211860657,
                0.9999999403953552
            ],
            "offmtx": [
                [
                    -0.35677391290664675,
                    -1.210719347000122e-8,
                    -0.9341908097267151,
                    -0.7974480390548706
                ],
                [
                    6.000166052899658e-8,
                    -1.000000238418579,
                    -9.954959523383878e-9,
                    1.0173611640930176
                ],
                [
                    -0.9341909289360046,
                    -5.960465898624534e-8,
                    0.3567739725112915,
                    -4.035342693328857
                ]
            ],
            "boundingbox": [
                [
                    -0.011579811573028565,
                    -0.9859013557434082,
                    -0.998464822769165
                ],
                [
                    4.993610382080078,
                    1.0140994787216187,
                    1.014547348022461
                ]
            ]
        },
        {
            "name": "Bone16",
            "parent": "Bone18",
            "initpos": [
                10.321792602539063,
                1.0818307399749756,
                0.08140850067138672
            ],
            "initquaternion": [
                0.0005985607276670635,
                -0.0008528650505468249,
                0.7971022129058838,
                0.6038434505462647
            ],
            "initscale": [
                1.0,
                0.9999998807907105,
                1.0
            ],
            "offmtx": [
                [
                    6.123234924670329e-17,
                    0.0,
                    1.000000238418579,
                    -2.295048236846924
                ],
                [
                    1.2587408093622799e-7,
                    1.0000001192092896,
                    0.0,
                    -0.9101245403289795
                ],
                [
                    -1.0,
                    1.2587406672537328e-7,
                    6.1232435273487e-17,
                    -3.0583739280700685
                ]
            ],
            "boundingbox": [
                [
                    0.0,
                    -1.0007586479187012,
                    -0.9995617866516113
                ],
                [
                    3.000910758972168,
                    0.9992419481277466,
                    1.0004386901855469
                ]
            ]
        },
        {
            "name": "Bone17",
            "parent": "Bone18",
            "initpos": [
                10.651853561401368,
                -0.4738435745239258,
                -0.816091775894165
            ],
            "initquaternion": [
                0.11159765720367432,
                0.14679589867591859,
                -0.5934422016143799,
                0.7834687829017639
            ],
            "initscale": [
                0.9999999403953552,
                0.9999998211860657,
                0.9999998807907105
            ],
            "offmtx": [
                [
                    0.360623836517334,
                    9.080398655214594e-8,
                    -0.9327115416526794,
                    1.4392307996749879
                ],
                [
                    -1.6878198039194104e-7,
                    -1.0000001192092896,
                    -1.6261274993212283e-7,
                    1.0141552686691285
                ],
                [
                    -0.9327114224433899,
                    2.1606686573250045e-7,
                    -0.3606237769126892,
                    -1.763750672340393
                ]
            ],
            "boundingbox": [
                [
                    0.0,
                    -0.9891065359115601,
                    -1.0002304315567017
                ],
                [
                    5.004469871520996,
                    1.0108944177627564,
                    1.0073703527450562
                ]
            ]
        },
        {
            "name": "Bone01",
            "parent": "Bone08",
            "initpos": [
                3.1516027450561525,
                -4.117740631103516,
                2.9799962043762209
            ],
            "initquaternion": [
                0.03457740694284439,
                -0.015885503962635995,
                0.9375450611114502,
                -0.34577643871307375
            ],
            "initscale": [
                0.9999998211860657,
                0.9999998211860657,
                1.0
            ],
            "offmtx": [
                [
                    1.6368898059226923e-7,
                    -0.9505304098129273,
                    0.31063175201416018,
                    19.86900520324707
                ],
                [
                    -4.7038230377438597e-7,
                    -0.31063175201416018,
                    -0.9505304098129273,
                    7.308029651641846
                ],
                [
                    1.0,
                    9.475670914582679e-9,
                    -4.979596610610315e-7,
                    -2.9799957275390627
                ]
            ],
            "boundingbox": [
                [
                    -0.34107208251953127,
                    -4.3084187507629398,
                    -1.9800002574920655
                ],
                [
                    12.293049812316895,
                    3.09029483795166,
                    2.0200047492980959
                ]
            ]
        },
        {
            "name": "Bone05",
            "parent": "Bone01",
            "initpos": [
                10.538158416748047,
                9.5367431640625e-7,
                -7.152557373046875e-7
            ],
            "initquaternion": [
                0.0008417731733061373,
                -0.00008763406367506832,
                0.319241464138031,
                0.9476730227470398
            ],
            "initscale": [
                1.0,
                1.0,
                1.0
            ],
            "offmtx": [
                [
                    -0.00007560943049611524,
                    -0.9626509547233582,
                    -0.2707456648349762,
                    11.81952953338623
                ],
                [
                    0.0020822074729949238,
                    0.2707449495792389,
                    -0.9626489877700806,
                    0.8747147917747498
                ],
                [
                    0.9999978542327881,
                    -0.000636533834040165,
                    0.0019839678425341846,
                    -2.980931520462036
                ]
            ],
            "boundingbox": [
                [
                    0.0,
                    -1.5665278434753419,
                    -0.983256459236145
                ],
                [
                    11.149991989135743,
                    1.5734457969665528,
                    1.0240976810455323
                ]
            ]
        },
        {
            "name": "Bone07",
            "parent": "Bone05",
            "initpos": [
                10.65185546875,
                0.4738417863845825,
                -0.8160881996154785
            ],
            "initquaternion": [
                -0.1115976944565773,
                0.14679589867591859,
                0.5934421420097351,
                0.7834688425064087
            ],
            "initscale": [
                1.0000001192092896,
                0.9999999403953552,
                1.0
            ],
            "offmtx": [
                [
                    -0.36062386631965639,
                    -1.5972180733569986e-7,
                    -0.9327113032341003,
                    1.439232587814331
                ],
                [
                    -3.7379004425019959e-7,
                    1.0,
                    -2.6722339896423365e-8,
                    -1.0141499042510987
                ],
                [
                    0.9327114224433899,
                    3.390014455817436e-7,
                    -0.36062389612197878,
                    -1.763751745223999
                ]
            ],
            "boundingbox": [
                [
                    0.0,
                    -1.0108895301818848,
                    -1.0002316236495972
                ],
                [
                    5.0044708251953129,
                    0.989112138748169,
                    1.0073699951171876
                ]
            ]
        },
        {
            "name": "Bone06",
            "parent": "Bone05",
            "initpos": [
                10.321798324584961,
                -1.0818333625793458,
                0.08141160011291504
            ],
            "initquaternion": [
                -0.0005985666648484767,
                -0.0008526906603947282,
                -0.7971022129058838,
                0.6038434505462647
            ],
            "initscale": [
                1.000000238418579,
                1.0000001192092896,
                1.0
            ],
            "offmtx": [
                [
                    6.123232939436859e-17,
                    0.0,
                    0.9999998807907105,
                    -2.295048475265503
                ],
                [
                    -4.4703494239684008e-8,
                    -0.9999998807907105,
                    0.0,
                    0.9101181030273438
                ],
                [
                    1.0,
                    -4.4703497792397687e-8,
                    -6.1232435273487e-17,
                    -3.058375597000122
                ]
            ],
            "boundingbox": [
                [
                    0.0,
                    -0.9992483854293823,
                    -0.999563455581665
                ],
                [
                    3.000908613204956,
                    1.0007516145706177,
                    1.000436544418335
                ]
            ]
        },
        {
            "name": "Bone02",
            "parent": "Bone05",
            "initpos": [
                10.65176773071289,
                0.48981237411499026,
                1.0740797519683838
            ],
            "initquaternion": [
                0.10869627445936203,
                -0.14400292932987214,
                0.5939801335334778,
                0.7839871644973755
            ],
            "initscale": [
                1.0000001192092896,
                1.0000001192092896,
                1.0000001192092896
            ],
            "offmtx": [
                [
                    0.35677391290664675,
                    -3.8938017610234967e-7,
                    -0.9341907501220703,
                    -0.7974472641944885
                ],
                [
                    -2.573249275883427e-7,
                    1.0,
                    -5.150843094270385e-7,
                    -1.0173534154891968
                ],
                [
                    0.9341906905174255,
                    4.2415919665472759e-7,
                    0.35677391290664675,
                    -4.035344123840332
                ]
            ],
            "boundingbox": [
                [
                    -0.011579692363739014,
                    -1.0140937566757203,
                    -0.998466968536377
                ],
                [
                    4.9936113357543949,
                    0.9859093427658081,
                    1.0145454406738282
                ]
            ]
        },
        {
            "name": "Bone13",
            "parent": "Bone08",
            "initpos": [
                16.605968475341798,
                -1.3872413635253907,
                -5.5072808265686039
            ],
            "initquaternion": [
                -0.017746664583683015,
                0.9998425245285034,
                -1.9044537680201757e-7,
                2.4183643176911576e-7
            ],
            "initscale": [
                1.0,
                1.0,
                1.0
            ],
            "offmtx": [
                [
                    -3.2993665399772e-7,
                    -0.49973008036613467,
                    0.8661811947822571,
                    23.444272994995118
                ],
                [
                    -2.3239748259129556e-7,
                    0.8661811947822571,
                    0.49973008036613467,
                    -20.963489532470704
                ],
                [
                    -1.0,
                    -3.641906687334995e-8,
                    -4.019209427497117e-7,
                    -5.507285118103027
                ]
            ],
            "boundingbox": [
                [
                    0.0,
                    -4.969090461730957,
                    -0.5072908401489258
                ],
                [
                    21.012439727783204,
                    5.037452697753906,
                    0.4927182197570801
                ]
            ]
        },
        {
            "name": "Bone04",
            "parent": "Bone08",
            "initpos": [
                16.60596466064453,
                -1.3872413635253907,
                5.506718635559082
            ],
            "initquaternion": [
                -4.2928771648576e-8,
                -4.448024526482186e-8,
                0.9998425245285034,
                -0.017746783792972566
            ],
            "initscale": [
                1.0,
                1.0,
                1.0
            ],
            "offmtx": [
                [
                    5.9477731184642838e-8,
                    -0.4997301697731018,
                    0.8661810159683228,
                    23.444272994995118
                ],
                [
                    -6.021100951159042e-9,
                    -0.8661810159683228,
                    -0.4997301697731018,
                    20.963483810424806
                ],
                [
                    1.0,
                    2.4507453844080375e-8,
                    -5.4527415471739008e-8,
                    -5.50671911239624
                ]
            ],
            "boundingbox": [
                [
                    0.0,
                    -5.037450790405273,
                    -0.5067195892333984
                ],
                [
                    21.012432098388673,
                    4.969087600708008,
                    0.49328184127807619
                ]
            ]
        },
        {
            "name": "Bone27",
            "parent": "Bone08",
            "initpos": [
                -4.144129753112793,
                3.5530357360839845,
                -2.636962652206421
            ],
            "initquaternion": [
                -0.280670702457428,
                0.15608052909374238,
                0.9468830227851868,
                -0.0165932048112154
            ],
            "initscale": [
                1.0,
                1.0000001192092896,
                1.0
            ],
            "offmtx": [
                [
                    -0.5263446569442749,
                    -0.4997321665287018,
                    0.6879162192344666,
                    3.4225075244903566
                ],
                [
                    0.3048945367336273,
                    -0.8661788105964661,
                    -0.39594611525535586,
                    26.318592071533204
                ],
                [
                    0.7937256693840027,
                    0.0013377513969317079,
                    0.6082744002342224,
                    -4.5179524421691898
                ]
            ],
            "boundingbox": [
                [
                    0.0,
                    -1.002960205078125,
                    -1.0018870830535889
                ],
                [
                    11.001762390136719,
                    1.0037040710449219,
                    1.0030484199523926
                ]
            ]
        },
        {
            "name": "Bone28",
            "parent": "Bone08",
            "initpos": [
                -4.433262825012207,
                5.521881103515625,
                -1.3834151029586793
            ],
            "initquaternion": [
                -0.09218384325504303,
                0.011238534934818745,
                0.9265240430831909,
                0.36459431052207949
            ],
            "initscale": [
                1.0,
                1.000000238418579,
                0.9999998807907105
            ],
            "offmtx": [
                [
                    -0.17901605367660523,
                    0.25887423753738406,
                    0.9491771459579468,
                    -18.391759872436525
                ],
                [
                    -0.04639371111989021,
                    -0.9659097194671631,
                    0.2546879053115845,
                    22.10780906677246
                ],
                [
                    0.9827517867088318,
                    0.001557372510433197,
                    0.18492354452610017,
                    -0.8988460302352905
                ]
            ],
            "boundingbox": [
                [
                    -0.0023899078369140627,
                    -1.0006999969482422,
                    -1.001781940460205
                ],
                [
                    13.997915267944336,
                    1.003274917602539,
                    1.0027328729629517
                ]
            ]
        },
        {
            "name": "Bone12",
            "parent": "Bone08",
            "initpos": [
                -4.274092674255371,
                4.621273040771484,
                -2.210512161254883
            ],
            "initquaternion": [
                -0.20202964544296266,
                0.0744418129324913,
                0.9549203515052795,
                0.20437607169151307
            ],
            "initscale": [
                1.0,
                1.0000001192092896,
                1.0
            ],
